32 1.740
64 0.875
96 0.704
128 0.707
160 0.613
192 0.591
224 0.551
256 0.627
288 0.691
320 0.637
352 0.678
384 0.700
416 0.647
448 0.580
480 0.627
512 0.588
544 0.610
576 0.636
608 0.616
640 0.597
672 0.598
704 0.599
736 0.578
768 0.597
800 0.581
832 0.525
864 0.525
896 0.533
928 0.534
960 0.562
992 0.567
1024 0.569
1056 0.583
1088 0.567
1120 0.544
1152 0.543
1184 0.583
1216 0.571
1248 0.583
1280 0.573
1312 0.564
1344 0.570
1376 0.570
1408 0.563
1440 0.564
1472 0.557
1504 0.563
1536 0.568
1568 0.560
1600 0.566
1632 0.578
1664 0.557
1696 0.571
1728 0.557
1760 0.501
1792 0.522
1824 0.537
1856 0.505
1888 0.502
1920 0.510
1952 0.503
1984 0.498
2016 0.509
2048 0.496
2080 0.505
2112 0.493
2144 0.485
2176 0.487
2208 0.539
2240 0.552
2272 0.545
2304 0.497
2336 0.502
2368 0.528
2400 0.512
2432 0.483
2464 0.501
2496 0.529
2528 0.528
2560 0.494
2592 0.527
2624 0.497
2656 0.552
2688 0.551
2720 0.546
2752 0.550
2784 0.542
2816 0.537
2848 0.545
2880 0.542
2912 0.553
2944 0.555
2976 0.542
3008 0.540
3040 0.557
3072 0.565
3104 0.564
3136 0.569
3168 0.561
3200 0.555
3232 0.557
3264 0.544
3296 0.558
3328 0.567
3360 0.568
3392 0.565
3424 0.567
3456 0.562
3488 0.562
3520 0.568
3552 0.563
3584 0.575
3616 0.583
3648 0.577
3680 0.582
3712 0.578
3744 0.561
3776 0.563
3808 0.561
3840 0.559
3872 0.548
3904 0.540
3936 0.539
3968 0.531
4000 0.535
4032 0.545
4064 0.509
4096 0.495
