32 2.176
64 1.140
96 1.127
128 0.852
160 0.774
192 0.743
224 0.770
256 0.658
288 0.581
320 0.576
352 0.634
384 0.563
416 0.542
448 0.537
480 0.560
512 0.530
544 0.539
576 0.521
608 0.526
640 0.535
672 0.538
704 0.517
736 0.533
768 0.501
800 0.493
832 0.511
864 0.543
896 0.511
928 0.513
960 0.512
992 0.504
1024 0.492
1056 0.503
1088 0.516
1120 0.501
1152 0.491
1184 0.492
1216 0.504
1248 0.519
1280 0.476
1312 0.490
1344 0.488
1376 0.494
1408 0.477
1440 0.492
1472 0.490
1504 0.478
1536 0.470
1568 0.476
1600 0.483
1632 0.485
1664 0.487
1696 0.475
1728 0.474
1760 0.480
1792 0.474
1824 0.492
1856 0.481
1888 0.478
1920 0.468
1952 0.469
1984 0.474
2016 0.479
2048 0.461
2080 0.464
2112 0.465
2144 0.478
2176 0.458
2208 0.475
2240 0.475
2272 0.478
2304 0.459
2336 0.461
2368 0.473
2400 0.460
2432 0.462
2464 0.453
2496 0.468
2528 0.473
2560 0.465
2592 0.455
2624 0.471
2656 0.479
2688 0.465
2720 0.458
2752 0.465
2784 0.463
2816 0.465
2848 0.454
2880 0.465
2912 0.465
2944 0.461
2976 0.458
3008 0.474
3040 0.470
3072 0.447
3104 0.459
3136 0.453
3168 0.460
3200 0.454
3232 0.445
3264 0.440
3296 0.450
3328 0.442
3360 0.470
3392 0.462
3424 0.463
3456 0.459
3488 0.466
3520 0.463
3552 0.472
3584 0.458
3616 0.464
3648 0.460
3680 0.475
3712 0.475
3744 0.484
3776 0.473
3808 0.481
3840 0.473
3872 0.458
3904 0.467
3936 0.470
3968 0.476
4000 0.444
4032 0.440
4064 0.445
4096 0.443
