32 2.004
64 1.022
96 0.808
128 0.710
160 0.663
192 0.658
224 0.572
256 0.610
288 0.573
320 0.601
352 0.520
384 0.540
416 0.490
448 0.506
480 0.572
512 0.540
544 0.527
576 0.527
608 0.489
640 0.487
672 0.476
704 0.482
736 0.482
768 0.458
800 0.483
832 0.490
864 0.479
896 0.523
928 0.506
960 0.474
992 0.470
1024 0.473
1056 0.473
1088 0.479
1120 0.469
1152 0.472
1184 0.463
1216 0.460
1248 0.466
1280 0.466
1312 0.449
1344 0.466
1376 0.473
1408 0.450
1440 0.457
1472 0.467
1504 0.465
1536 0.472
1568 0.459
1600 0.456
1632 0.451
1664 0.452
1696 0.458
1728 0.461
1760 0.457
1792 0.448
1824 0.464
1856 0.462
1888 0.453
1920 0.453
1952 0.442
1984 0.471
2016 0.460
2048 0.460
2080 0.473
2112 0.463
2144 0.463
2176 0.468
2208 0.457
2240 0.471
2272 0.458
2304 0.460
2336 0.465
2368 0.455
2400 0.448
2432 0.455
2464 0.465
2496 0.460
2528 0.457
2560 0.471
2592 0.465
2624 0.449
2656 0.460
2688 0.458
2720 0.457
2752 0.453
2784 0.461
2816 0.442
2848 0.446
2880 0.449
2912 0.444
2944 0.448
2976 0.450
3008 0.455
3040 0.452
3072 0.456
3104 0.448
3136 0.443
3168 0.446
3200 0.446
3232 0.436
3264 0.438
3296 0.446
3328 0.460
3360 0.457
3392 0.467
3424 0.461
3456 0.460
3488 0.454
3520 0.462
3552 0.478
3584 0.478
3616 0.468
3648 0.479
3680 0.469
3712 0.443
3744 0.454
3776 0.452
3808 0.448
3840 0.452
3872 0.454
3904 0.453
3936 0.453
3968 0.445
4000 0.453
4032 0.447
4064 0.452
4096 0.451
