32 2.316
64 0.879
96 0.903
128 0.839
160 0.797
192 0.767
224 0.751
256 0.726
288 0.752
320 0.723
352 0.726
384 0.658
416 0.700
448 0.700
480 0.675
512 0.684
544 0.729
576 0.696
608 0.688
640 0.674
672 0.655
704 0.693
736 0.664
768 0.612
800 0.650
832 0.657
864 0.650
896 0.642
928 0.638
960 0.679
992 0.664
1024 0.643
1056 0.642
1088 0.661
1120 0.630
1152 0.622
1184 0.729
1216 0.694
1248 0.696
1280 0.785
1312 0.721
1344 0.703
1376 0.699
1408 0.693
1440 0.690
1472 0.675
1504 0.710
1536 0.696
1568 0.668
1600 0.688
1632 0.680
1664 0.692
1696 0.688
1728 0.683
1760 0.672
1792 0.663
1824 0.684
1856 0.697
1888 0.670
1920 0.688
1952 0.681
1984 0.694
2016 0.681
2048 0.683
2080 0.695
2112 0.696
2144 0.695
2176 0.669
2208 0.682
2240 0.678
2272 0.690
2304 0.675
2336 0.680
2368 0.671
2400 0.678
2432 0.682
2464 0.693
2496 0.674
2528 0.674
2560 0.677
2592 0.688
2624 0.624
2656 0.608
2688 0.623
2720 0.609
2752 0.617
2784 0.628
2816 0.668
2848 0.617
2880 0.671
2912 0.674
2944 0.682
2976 0.688
3008 0.614
3040 0.622
3072 0.665
3104 0.656
3136 0.607
3168 0.598
3200 0.643
3232 0.670
3264 0.687
3296 0.674
3328 0.677
3360 0.667
3392 0.670
3424 0.655
3456 0.640
3488 0.645
3520 0.629
3552 0.597
3584 0.585
3616 0.643
3648 0.640
3680 0.640
3712 0.635
3744 0.629
3776 0.634
3808 0.632
3840 0.625
3872 0.628
3904 0.631
3936 0.636
3968 0.657
4000 0.625
4032 0.631
4064 0.635
4096 0.623
