32 2.142
64 1.007
96 0.780
128 0.675
160 0.674
192 0.650
224 0.608
256 0.572
288 0.549
320 0.528
352 0.518
384 0.513
416 0.533
448 0.538
480 0.505
512 0.540
544 0.477
576 0.470
608 0.458
640 0.469
672 0.465
704 0.458
736 0.489
768 0.471
800 0.451
832 0.456
864 0.474
896 0.457
928 0.471
960 0.442
992 0.446
1024 0.452
1056 0.459
1088 0.465
1120 0.465
1152 0.451
1184 0.471
1216 0.463
1248 0.466
1280 0.452
1312 0.458
1344 0.445
1376 0.451
1408 0.466
1440 0.445
1472 0.447
1504 0.460
1536 0.449
1568 0.460
1600 0.455
1632 0.453
1664 0.448
1696 0.437
1728 0.450
1760 0.440
1792 0.441
1824 0.447
1856 0.444
1888 0.442
1920 0.445
1952 0.450
1984 0.454
2016 0.444
2048 0.434
2080 0.447
2112 0.445
2144 0.455
2176 0.459
2208 0.445
2240 0.439
2272 0.449
2304 0.441
2336 0.444
2368 0.451
2400 0.442
2432 0.455
2464 0.442
2496 0.447
2528 0.448
2560 0.461
2592 0.441
2624 0.444
2656 0.440
2688 0.452
2720 0.432
2752 0.438
2784 0.433
2816 0.444
2848 0.444
2880 0.446
2912 0.439
2944 0.441
2976 0.445
3008 0.459
3040 0.468
3072 0.456
3104 0.464
3136 0.458
3168 0.454
3200 0.457
3232 0.458
3264 0.451
3296 0.463
3328 0.479
3360 0.476
3392 0.457
3424 0.456
3456 0.450
3488 0.460
3520 0.456
3552 0.463
3584 0.458
3616 0.460
3648 0.469
3680 0.455
3712 0.447
3744 0.449
3776 0.456
3808 0.466
3840 0.465
3872 0.458
3904 0.460
3936 0.474
3968 0.461
4000 0.465
4032 0.460
4064 0.466
4096 0.461
